18
2
1362027600000
45736026
11965882
57701908
1359608400000
47806527
13563618
61370145
1356930000000
51167684
13929226
65096910
1354251600000
51846205
12758049
64604254
1351656000000
53666452
13343965
67010417
1348977600000
50134504
13811238
63945742
1346385600000
58646304
16636446
75282750
1343707200000
59688267
16990695
76678962
1341028800000
57903293
15605186
73508479
1338436800000
55749349
14312722
70062071
1335758400000
53691570
14018004
67709574
1333166400000
56200391
14399994
70600385
1330491600000
46431844
11729831
58161675
1327986000000
47080840
13199421
60280261
1325307600000
51534990
13542473
65077463
1322629200000
51660083
12140690
63800773
1320033600000
54124363
13181387
67305750
1317355200000
50982170
13217224
64199394
1314763200000
57403835
15748814
73152649
1312084800000
60310568
16618105
76928673
1309406400000
57778699
14812825
72591524
1306814400000
55982234
13935132
69917366
1304136000000
52858479
13537152
66395631
1301544000000
55649428
13473705
69123133
1298869200000
43657818
10944610
54602428
1296450000000
46305000
12668763
58973763
1293771600000
51076415
12915663
63992078
1291093200000
51420519
11651314
63071833
1288497600000
54826050
12874707
67700757
1285819200000
50304708
12599149
62903857
1283227200000
57370748
15317926
72688674
1280548800000
59142493
16026852
75169345
1277870400000
56689853
14406776
71096629
1275278400000
53842422
13380664
67223086
1272600000000
52498074
12398700
64896774
1270008000000
54424077
13279320
67703397
1267333200000
42440614
10694165
53134779
1264914000000
45501620
12393439
57895059
1262235600000
49793527
12659154
62452681
1259557200000
48584832
11093714
59678546
1256961600000
52279405
11905529
64184934
1254283200000
48235025
11659775
59894800
1251691200000
56568180
14844821
71413001
1249012800000
59468957
14953615
74422572
1246334400000
55898027
13199636
69097663
1243742400000
52951246
11806548
64757794
1241064000000
52247781
12629805
64877586
1238472000000
53534891
12508793
66043684
1235797200000
43680328
10412676
54093004
1233378000000
44825056
12075267
56900323
1230699600000
50253800
12463351
62717151
1228021200000
47658141
11256163
58914304
1225425600000
52956023
11921490
64877513
1222747200000
47680101
11731364
59411465
1220155200000
58966473
15327739
74294212
1217476800000
61401480
15449821
76851301
1214798400000
59559171
14413771
73972942
1212206400000
58047400
13602014
71649414
1209528000000
55611053
12961165
68572218
1206936000000
59213077
14194753
73407830
1204261200000
50118363
11648482
61766845
1201755600000
50245100
12767516
63012616
1199077200000
53291139
13098697
66389836
1196398800000
55047116
12004268
67051384
1193803200000
57208618
12381689
69590307
1191124800000
52310402
12321953
64632355
1188532800000
62660179
15120200
77780379
1185854400000
63457403
15470687
78928090
1183176000000
61493934
14170877
75664811
1180584000000
59285571
12978086
72263657
1177905600000
57398267
12795517
70193784
1175313600000
59244232
13246293
72490525
1172638800000
47766421
10590281
58356702
1170219600000
50022168
12072442
62094610
1167541200000
53538970
12385958
65924928
1164862800000
53852209
11222687
65074896
1162270800000
55088986
11517228
66606214
1159588800000
49949551
12010922
61960473
1156996800000
58303233
14171796
72475029
1154318400000
60838606
14912621
75751227
1151640000000
59297121
13690835
72987956
1149048000000
57145193
12610793
69755986
1146369600000
55828555
12619137
68447692
1143781200000
58286011
12707241
70993252
1141102800000
47348142
10167275
57515417
1138683600000
48886043
11724098
60610141
1136005200000
52801276
11812574
64613850
1133326800000
52766404
10580099
63346503
1130734800000
53738093
11107586
64845679
1128052800000
50600325
11325800
61926125
1125460800000
59110633
13703334
72813967
1122782400000
62396446
14421209
76817655
1120104000000
59724061
13140061
72864122
1117512000000
57323876
12164600
69488476
1114833600000
54908859
11521174
66430033
1112245200000
58838975
12479643
71318618
1109566800000
47074882
9945067
57019949
1107147600000
47977657
11387275
59364932
1104469200000
52640057
11244427
63884484
1101790800000
51782564
10174320
61956884
1099195200000
54167489
10772177
64939666
1096516800000
47671785
10570682
58242467
1093924800000
57380873
13203566
70584439
1091246400000
59614287
13502913
73117200
1088568000000
56959142
12159514
69118656
1085976000000
53030873
10971254
64002127
1083297600000
53253194
10802022
64055216
1080709200000
54147227
10976440
65123667
1078030800000
45306644
9310317
54616961
1075525200000
43815481
10252443
54067924
1072846800000
49757124
10512547
60269671
1070168400000
47059495
9481886
56541381
1067576400000
49944935
9608358
59553293
1064894400000
44213408
9454647
53668055
1062302400000
53920973
11799672
65720645
1059624000000
55810773
11705206
67515979
1056945600000
52209516
10347900
62557416
1054353600000
49152352
8801873
57954225
1051675200000
47033260
8309305
55342565
1049086800000
49992700
9538653
59531353
1046408400000
41166780
8283372
49450152
1043989200000
43032450
9726436
52758886
1041310800000
49684353
10038794
59723147
1038632400000
44850246
9016535
53866781
1036040400000
48054917
9578435
57633352
1033358400000
40142790
9519202
49661992
1030766400000
51140824
11933761
63074585
1028088000000
51065472
11626248
62691720
1025409600000
49095372
10792002
59887374
1022817600000
47049797
9835350
56885147
1020139200000
45358119
9244506
54602625
1017550800000
48397323
10148588
58545911
1014872400000
38561272
8027594
46588866
1012453200000
38499158
8943835
47442993
1009774800000
40860210
8628702
49488912
1007096400000
40646774
7326531
47973305
1004504400000
40242030
7191776
47433806
1001822400000
30498961
7908474
38407435
999230400000
56292394
13212578
69504972
996552000000
55695939
13129130
68825069
993873600000
53384361
12186857
65571218
991281600000
51051548
11054900
62106448
988603200000
50701926
11104960
61806886
986014800000
53020376
11355822
64376198
983336400000
43149052
9260754
52409806
980917200000
44074484
10546593
54621077
978238800000
47050809
10529300
57580109
975560400000
49631713
10244765
59876478
972968400000
50920081
10841469
61761550
970286400000
46362769
11294059
57656828
967694400000
54473720
13188300
67662020
965016000000
55567742
13404588
68972330
962337600000
54673126
12305734
66978860
959745600000
52309118
11368936
63678054
957067200000
50344174
11088004
61432178
954478800000
52976866
11110490
64087356
951800400000
43713708
9291047
53004755
949294800000
41539852
9620453
51160305
158
